808 550 12 22
486 680 13 15
119 619 22 27
885 666 12 21
744 975 27 24
153 233 21 16
50 486 17 16
865 337 23 28
764 288 18 26
230 737 18 24
136 957 20 13
403 114 14 12
514 234 15 27
900 195 12 21
653 784 16 29
393 939 19 23
80 418 25 14
221 960 26 12
388 356 13 14
368 273 27 16
544 96 12 17
206 760 15 11
680 270 21 28
390 403 27 19
211 646 17 26
357 163 28 17
318 561 16 25
109 868 20 16
932 171 24 21
677 375 22 19
85 150 17 11
261 954 28 26
100 777 15 22
812 389 27 20
109 581 21 19
936 123 26 28
934 531 23 26
578 222 24 18
601 173 19 14
752 701 12 24
968 766 27 22
741 430 29 27
838 334 27 17
148 166 21 20
358 735 22 25
773 906 12 20
957 178 21 18
752 964 25 17
929 500 11 23
605 173 16 23
680 826 19 28
425 430 29 27
656 49 12 14
145 225 12 17
828 128 17 11
977 242 21 21
77 316 19 16
670 262 25 19
168 616 22 11
799 69 12 21
630 6 10 16
94 590 25 22
168 639 10 13
797 583 24 22
812 22 27 23
483 629 23 27
20 508 17 22
634 979 15 16
555 33 15 18
974 745 16 24
327 337 26 25
14 246 3 3
54 729 18 10
190 246 27 17
541 200 23 25
174 42 20 29
401 850 18 10
460 535 13 29
472 38 25 16
854 588 15 14
136 27 21 12
375 680 16 11
186 54 21 17
838 217 18 28
488 571 29 28
584 965 12 29
259 650 23 15
886 615 12 18
976 307 21 24
923 631 17 14
752 335 19 20
79 178 21 19
236 747 13 28
617 560 26 20
172 624 14 11
303 967 13 23
217 477 24 14
174 634 18 13
973 234 27 13
535 809 20 25
216 788 19 15
412 277 26 11
556 162 22 16
536 24 29 20
165 579 28 18
158 260 25 18
804 530 17 28
462 709 28 16
213 493 22 23
18 484 16 23
245 6 13 26
888 326 20 26
464 514 11 18
202 773 22 18
555 234 20 16
158 229 19 26
374 396 23 24
17 330 27 29
762 219 22 23
127 562 16 20
562 213 27 12
808 159 28 10
879 163 15 29
625 272 18 10
823 770 25 29
199 679 19 12
726 37 18 27
161 216 26 26
425 56 25 19
745 659 28 23
699 950 29 25
277 647 17 10
978 266 14 10
48 572 24 20
276 698 17 11
554 546 23 18
832 142 13 22
397 11 11 29
211 320 13 11
314 738 17 23
802 273 18 11
628 579 14 20
693 251 23 10
888 4 22 14
250 322 15 20
667 270 19 13
873 617 18 19
169 568 25 22
789 327 27 24
107 766 26 19
890 738 11 20
814 54 27 25
208 201 13 18
724 471 14 24
557 396 15 25
526 185 25 14
385 843 23 10
939 253 4 5
355 830 26 14
330 782 20 10
653 913 12 25
311 829 19 26
317 296 22 17
351 608 12 15
727 951 25 28
565 582 11 24
703 60 25 23
709 623 28 29
913 307 11 26
556 966 27 20
180 781 24 28
718 253 21 26
49 342 18 27
392 420 10 3
553 379 24 14
954 730 21 16
209 299 13 11
580 227 11 10
298 950 11 12
491 747 15 11
693 710 21 21
667 382 18 20
34 338 13 14
219 36 26 26
524 48 13 14
169 122 13 24
382 183 22 29
418 578 12 24
196 321 13 26
569 394 18 25
507 590 13 21
918 835 29 24
770 297 11 16
405 60 22 20
604 177 16 11
33 88 16 25
338 686 11 19
378 775 25 12
255 202 14 11
512 50 18 16
902 424 22 16
586 232 26 11
781 913 15 20
153 18 25 22
159 348 29 14
509 491 26 17
244 3 29 15
386 393 16 22
422 880 28 12
695 842 23 23
667 170 19 27
266 344 15 13
762 679 11 12
965 731 19 21
62 904 23 10
379 437 16 20
955 923 24 24
929 15 12 11
834 795 18 22
473 143 19 20
508 620 28 23
475 642 18 24
172 7 23 27
256 811 10 11
897 593 25 29
247 659 20 12
704 470 17 18
942 289 14 28
180 668 25 25
358 762 15 26
874 405 29 21
140 624 28 15
373 783 25 12
327 353 18 23
798 280 22 10
656 788 12 27
31 130 12 11
490 172 21 28
73 238 26 23
491 340 19 27
239 253 26 20
436 970 25 29
607 356 16 29
197 412 10 12
230 514 25 24
137 361 19 29
570 153 22 27
194 421 10 13
867 187 28 22
621 726 16 25
529 984 14 12
414 296 17 15
568 106 13 28
658 725 10 20
677 243 25 18
246 483 20 18
708 22 21 19
432 472 29 26
467 572 19 11
207 235 20 28
945 23 19 20
249 56 17 12
28 685 12 13
647 945 24 22
254 299 15 29
987 761 12 20
282 74 24 19
515 829 26 12
648 570 15 22
714 780 19 27
180 427 15 25
574 236 27 22
628 180 16 19
344 327 20 29
299 849 29 19
442 970 23 26
463 36 29 15
511 107 21 16
399 750 23 26
636 812 29 11
612 801 11 15
198 641 10 18
889 488 19 19
624 784 13 15
275 926 15 20
437 164 13 20
373 728 17 18
705 541 24 23
212 692 25 25
652 117 21 24
346 692 17 10
305 300 28 18
79 832 11 18
242 434 13 17
722 789 20 20
573 304 29 16
503 752 24 15
491 151 29 25
269 22 15 12
57 121 12 28
873 685 29 27
635 848 27 25
820 24 13 17
136 276 23 27
975 353 18 24
830 234 21 14
308 187 13 14
601 231 22 14
466 712 14 21
586 224 17 18
625 906 10 21
261 740 12 28
359 512 23 20
685 741 28 14
226 257 21 25
425 455 17 26
12 330 24 17
55 61 10 12
33 338 13 13
446 441 10 17
936 971 17 26
586 399 18 19
632 567 18 22
583 298 27 16
229 903 27 22
166 159 16 13
394 364 17 29
123 245 15 13
261 439 20 24
146 939 15 25
611 848 19 19
355 90 16 23
576 306 29 10
667 6 18 12
101 458 23 12
519 763 13 13
701 974 10 24
263 26 11 27
154 359 13 18
624 516 24 13
576 345 20 17
838 797 29 13
364 957 16 16
415 71 12 26
194 357 17 19
828 342 29 15
104 734 24 18
236 425 16 14
108 384 16 12
336 159 23 27
481 547 21 26
173 413 28 19
775 362 28 10
957 570 13 12
690 245 15 17
871 563 26 18
213 713 21 29
376 524 19 13
748 246 20 16
958 871 24 25
542 774 18 17
236 398 26 18
230 684 25 23
82 396 28 25
336 578 28 24
413 425 19 10
384 930 25 16
194 934 17 21
28 584 23 23
920 544 21 29
681 517 19 23
414 528 21 25
155 221 12 16
591 162 19 20
628 953 21 19
250 624 13 12
423 835 28 13
7 900 17 16
708 733 12 20
713 335 15 18
189 654 12 10
481 574 23 10
721 50 26 24
11 651 27 18
72 179 17 26
229 489 27 23
837 513 22 24
769 660 22 18
472 695 17 18
700 317 14 6
22 617 24 11
878 318 10 13
878 348 21 25
941 302 15 10
405 822 22 16
381 491 23 25
983 706 14 29
833 247 19 15
828 757 12 21
953 15 11 27
864 636 19 23
947 506 27 17
720 429 13 25
434 455 22 10
573 550 14 14
489 618 25 28
457 947 3 7
835 58 13 15
342 862 14 15
878 361 11 15
31 487 21 14
305 833 23 28
743 309 11 14
970 794 10 10
167 610 20 12
920 849 28 25
528 774 10 25
363 508 28 17
546 660 20 12
901 412 11 14
521 461 20 12
475 478 29 21
648 244 12 29
892 234 10 15
841 774 23 22
66 971 27 10
694 478 18 17
882 586 14 26
445 779 26 11
628 738 19 15
368 500 21 15
370 381 13 24
667 15 21 29
286 318 22 21
544 772 20 13
482 366 16 24
894 781 24 27
352 766 20 15
447 449 26 12
796 235 16 29
320 697 11 14
344 92 16 25
923 619 28 28
361 488 17 16
294 335 29 25
333 689 19 10
706 37 23 25
779 382 27 19
904 184 27 27
118 414 23 19
96 154 13 18
600 702 17 22
255 772 12 12
164 607 10 13
407 791 10 23
668 348 19 15
657 831 15 24
228 784 16 16
386 664 25 28
977 577 23 17
55 45 14 27
503 766 14 13
896 646 15 25
340 395 3 3
681 849 12 10
561 810 12 28
390 415 22 14
959 85 11 19
376 310 28 20
101 393 19 23
801 520 14 26
553 353 27 27
674 715 13 13
107 407 23 18
64 785 17 18
40 743 28 26
638 978 16 18
122 446 23 24
198 355 29 12
359 48 18 26
632 231 28 23
501 727 21 18
61 878 10 22
658 439 14 22
143 807 21 10
84 494 23 16
633 906 14 17
893 373 20 13
518 328 17 23
938 785 12 13
493 863 5 10
729 614 18 28
583 612 11 27
218 868 19 25
263 23 14 11
462 715 17 23
963 368 15 12
888 726 4 8
323 0 26 19
62 613 15 20
231 886 19 21
736 616 20 20
322 907 24 26
864 653 14 21
528 955 26 18
50 864 25 28
537 177 22 11
286 250 16 10
835 29 22 17
207 763 20 28
937 399 20 13
69 908 15 29
917 600 17 26
158 802 13 24
780 955 21 22
551 953 20 27
733 16 14 14
307 710 14 16
855 892 27 17
937 505 21 11
650 168 14 28
210 61 15 12
316 182 10 10
789 899 20 12
781 253 20 19
803 901 16 19
803 139 28 23
316 694 29 16
700 406 26 21
261 77 29 27
505 774 15 26
732 644 28 28
565 937 12 25
487 724 21 26
427 881 13 19
637 1 12 12
664 347 26 19
591 754 28 22
710 924 12 27
751 549 17 15
952 567 27 21
300 563 29 22
204 746 10 15
384 280 13 20
735 54 27 15
858 949 20 18
638 563 19 10
482 307 10 29
953 384 14 18
842 977 16 14
755 384 15 20
500 633 10 22
516 534 16 28
41 667 17 15
566 892 26 17
204 778 10 29
572 361 18 23
32 601 12 27
628 822 11 16
982 974 12 10
698 322 25 14
136 343 26 19
496 687 12 19
662 285 21 13
489 532 16 25
631 537 12 21
754 86 19 10
367 676 20 13
68 819 19 15
664 195 10 19
197 105 25 14
853 335 10 15
86 873 25 18
455 487 20 29
936 251 13 11
124 431 27 21
37 89 26 14
839 589 11 10
748 374 15 21
723 647 14 22
723 320 21 25
747 379 26 12
836 515 28 14
25 393 24 25
705 436 29 24
697 487 14 29
521 288 15 22
606 393 27 17
727 312 23 28
597 203 22 14
458 459 29 14
75 48 12 26
328 221 10 14
546 153 15 19
533 471 27 23
635 592 17 22
103 654 24 17
88 299 28 24
447 385 12 15
182 235 16 26
365 33 27 18
155 210 19 13
722 611 24 25
195 323 12 25
292 981 16 10
480 122 13 17
253 455 15 14
648 138 17 15
253 836 25 23
176 803 17 24
816 58 27 14
120 811 17 10
205 614 23 13
231 490 13 23
818 125 17 14
688 362 10 23
245 1 28 29
394 750 14 21
154 204 24 19
416 797 14 29
9 242 12 16
688 696 23 28
328 771 23 22
260 326 17 22
96 722 29 21
40 524 11 26
399 307 10 20
178 580 16 10
566 12 27 28
848 594 28 29
352 366 26 23
759 675 23 20
242 659 22 29
7 144 27 26
168 391 29 11
978 848 21 24
670 24 23 21
858 394 21 21
365 26 20 26
383 51 23 20
423 271 24 29
371 504 10 21
482 46 22 22
63 52 14 11
658 213 10 13
277 384 17 26
202 487 23 11
746 10 19 14
445 465 20 12
957 848 12 11
531 987 7 4
321 414 16 16
499 741 10 14
58 760 26 15
702 936 26 25
86 274 22 13
95 536 23 14
334 331 26 22
321 413 10 15
229 216 25 13
191 46 16 23
552 27 24 20
509 539 14 13
680 636 10 21
789 368 21 24
353 869 28 19
962 302 28 29
596 377 25 16
159 229 26 18
849 426 17 12
509 641 15 10
270 756 18 10
376 392 24 13
658 566 16 13
48 340 18 23
391 67 20 22
950 526 23 16
336 784 18 22
893 255 12 29
678 173 29 24
933 184 25 27
176 341 21 25
550 542 27 11
639 559 11 12
348 847 14 22
982 574 10 15
788 922 17 26
730 13 15 14
787 960 21 10
675 624 11 16
887 308 10 20
22 738 20 13
875 602 16 26
691 186 19 18
509 210 17 18
968 855 11 17
441 746 25 15
735 244 11 22
660 434 22 21
812 528 12 27
311 910 10 24
301 322 27 10
906 734 22 15
616 709 10 24
890 375 25 10
227 709 19 13
594 456 26 19
619 933 13 26
506 932 11 29
83 640 16 14
362 502 23 28
285 967 15 16
907 956 21 23
582 502 28 24
441 209 14 26
742 58 29 11
455 943 11 20
182 399 10 13
650 570 11 22
849 184 23 18
235 477 20 15
236 631 15 20
810 217 14 17
935 166 15 23
193 363 23 13
421 571 27 10
349 288 17 28
277 693 28 19
910 959 14 9
350 433 13 22
182 346 29 12
126 641 22 18
331 280 17 13
613 398 13 28
839 740 16 28
574 532 19 22
617 796 19 27
830 944 24 20
916 852 13 28
430 889 22 16
112 719 17 19
536 362 29 10
832 967 24 13
541 1 12 23
680 901 25 18
219 105 24 13
564 408 14 24
912 688 25 20
877 719 21 19
879 855 20 13
498 63 24 10
960 517 10 14
446 853 21 28
478 684 14 13
398 91 11 28
477 733 25 20
925 874 28 18
476 528 23 26
945 960 26 23
235 412 21 27
482 157 25 23
739 541 22 15
24 511 27 22
485 263 25 17
674 852 15 16
734 471 22 14
879 967 22 20
104 952 27 15
497 316 23 15
233 37 15 21
233 769 27 21
895 200 28 17
196 295 20 24
10 132 10 15
210 63 26 17
978 834 13 12
727 83 29 17
802 747 13 20
415 427 7 5
429 377 28 17
818 118 26 12
24 344 27 18
745 741 20 26
658 261 26 23
500 112 15 13
33 722 29 14
433 707 23 10
16 688 23 17
438 877 19 24
304 832 17 18
245 291 16 23
393 89 28 19
799 748 29 25
807 7 25 20
766 312 21 13
268 905 21 21
837 201 19 23
627 420 28 18
127 577 13 20
67 967 25 11
712 931 4 14
978 268 18 14
294 533 18 17
91 316 14 15
595 87 14 10
613 454 23 27
34 257 10 14
805 62 11 24
359 115 11 14
443 215 13 11
229 754 16 14
470 866 10 25
805 104 22 27
643 420 10 24
323 820 24 29
393 653 26 20
242 237 24 27
449 189 19 17
613 846 29 27
59 519 29 15
165 588 24 12
170 589 13 20
725 678 19 21
204 366 27 25
325 924 27 11
838 895 28 24
833 487 26 24
305 748 27 10
647 888 12 26
820 602 14 19
43 958 24 14
349 562 16 27
632 184 14 16
316 1 10 22
189 793 18 12
698 862 10 22
67 802 18 18
830 147 28 12
267 9 26 20
174 66 13 22
332 243 14 10
824 480 26 25
354 319 17 19
267 927 12 20
950 100 14 11
273 856 12 16
907 598 21 22
506 926 25 10
105 932 27 24
254 817 24 13
610 397 12 10
483 264 28 18
29 121 21 16
542 185 15 27
599 227 21 17
402 49 12 22
5 637 21 27
597 466 18 19
608 418 16 26
691 480 24 17
291 53 27 14
465 320 27 10
428 164 27 27
661 44 27 10
758 339 27 11
263 783 20 13
209 182 14 20
113 548 12 24
888 314 10 22
942 168 20 17
68 252 26 23
446 949 22 25
141 387 14 28
836 855 14 28
231 380 12 24
242 749 23 25
205 398 6 5
78 957 24 18
491 853 11 24
856 40 24 29
262 240 24 18
661 181 10 24
407 515 14 14
344 271 10 26
946 127 26 10
557 588 17 16
821 511 17 29
354 481 16 20
445 25 24 14
46 661 13 24
314 216 19 21
424 871 26 13
222 520 25 20
767 375 22 28
804 524 13 20
87 233 24 16
349 772 15 23
313 230 23 24
76 820 28 21
595 195 29 12
747 974 14 13
601 362 14 21
171 615 18 18
341 301 17 26
146 644 10 13
37 125 27 27
434 877 20 15
158 45 20 28
357 460 22 21
668 256 25 18
658 54 12 12
40 176 18 22
188 921 27 17
605 839 21 18
297 907 19 27
591 458 25 15
96 607 22 21
702 183 13 24
800 381 29 14
889 684 14 20
868 942 26 19
747 636 22 26
280 966 21 11
946 445 14 19
717 673 12 21
129 181 18 13
537 327 29 20
364 126 12 25
346 318 24 22
904 244 21 25
389 10 16 27
245 651 23 14
132 937 20 14
252 422 29 25
315 632 26 13
86 310 13 22
893 730 24 16
905 0 16 27
652 171 25 17
46 71 18 20
107 727 17 11
753 40 16 20
543 937 11 28
279 69 17 19
285 975 24 24
224 661 19 27
680 298 29 27
417 300 26 14
289 949 27 13
899 302 18 17
475 542 16 20
568 645 23 17
261 724 18 27
872 900 13 29
67 775 29 11
451 781 17 13
615 525 24 16
286 67 16 20
479 253 10 23
672 359 23 17
568 978 20 10
21 107 13 15
663 904 26 29
607 281 10 12
800 221 29 18
447 454 15 18
316 316 21 29
725 545 18 23
572 155 15 22
222 739 13 19
529 197 25 12
958 236 19 25
232 218 18 8
697 21 20 12
381 203 24 14
59 85 15 29
550 805 25 26
714 960 12 20
217 50 20 27
574 648 11 25
779 207 26 27
213 640 28 25
155 638 15 12
866 153 12 12
113 379 23 25
335 802 29 20
617 856 25 14
681 911 17 25
895 350 13 13
554 815 20 12
173 121 19 24
702 949 28 17
246 63 22 18
70 78 28 12
682 191 21 19
215 320 26 29
775 514 19 20
276 76 29 27
516 62 10 28
541 226 21 24
884 622 12 16
127 24 27 28
816 538 23 27
349 696 23 29
556 216 18 14
474 890 22 23
584 968 22 19
493 643 14 18
557 352 15 28
837 963 22 17
235 11 16 15
243 965 10 10
212 920 23 20
896 850 12 16
280 91 12 17
616 371 10 15
120 614 26 14
788 317 25 13
303 63 28 14
726 20 20 24
430 688 23 27
832 513 10 27
826 910 21 24
582 67 24 29
487 121 17 13
368 475 25 12
372 518 20 24
502 747 29 14
504 170 11 24
274 260 21 24
166 646 15 13
695 379 20 14
71 628 13 15
979 726 12 14
488 494 24 15
590 281 28 19
364 950 19 15
662 919 29 17
883 242 18 26
920 0 23 14
154 775 26 26
458 517 10 20
555 99 20 18
191 63 18 18
532 277 19 27
260 201 24 15
494 122 26 15
793 383 13 24
548 172 24 19
928 515 25 28
11 663 16 14
897 693 20 12
64 490 23 10
523 196 10 28
561 619 26 23
303 704 26 17
337 391 16 12
933 780 16 28
612 921 12 20
248 11 14 20
212 726 15 26
465 707 15 28
533 185 15 18
491 729 17 15
615 770 10 28
537 385 18 22
260 267 27 27
935 19 15 22
813 139 14 19
628 934 12 20
697 315 27 18
615 412 14 18
439 63 14 13
893 425 23 19
51 755 15 12
421 161 21 28
151 634 27 12
895 740 21 14
16 121 15 10
901 582 19 21
189 450 15 10
703 421 23 23
46 967 11 24
897 17 26 29
66 578 14 14
821 653 10 16
193 855 27 20
352 448 18 10
221 625 14 12
128 62 12 24
396 333 12 10
66 474 22 26
61 316 13 27
175 81 12 19
856 170 11 15
820 842 26 27
492 528 21 19
658 724 29 16
36 404 28 15
253 365 11 15
280 561 19 15
50 82 24 16
244 615 13 27
619 366 17 21
273 371 12 14
132 643 18 11
526 780 28 15
207 842 19 22
696 383 8 7
356 843 25 16
383 341 21 15
616 573 11 13
503 242 21 18
428 729 27 19
432 894 23 16
534 23 18 22
617 386 12 17
931 454 26 23
821 117 11 25
805 608 24 22
429 38 22 27
561 350 26 12
814 530 6 15
84 837 26 15
261 904 16 16
18 593 15 14
78 518 13 22
369 440 17 29
352 864 27 19
881 580 24 23
854 319 21 23
271 190 11 15
436 968 21 19
125 193 13 20
868 646 23 28
3 913 27 11
67 470 14 24
850 965 27 12
167 184 16 27
803 374 28 20
503 832 24 17
359 35 23 19
956 734 14 19
799 577 15 16
480 276 20 15
218 691 10 24
790 664 15 18
281 245 18 13
235 707 21 26
767 909 26 12
916 783 21 26
685 530 11 12
605 526 26 27
760 294 22 10
503 463 29 11
369 783 13 12
63 964 16 27
962 285 26 26
197 382 18 25
813 265 14 29
817 27 21 12
194 486 25 21
8 661 23 19
121 579 14 22
838 585 25 13
365 27 12 13
854 970 16 25
747 15 10 12
157 217 20 22
81 238 15 10
94 636 18 10
879 499 23 23
518 47 10 28
907 797 14 27
551 329 15 17
633 781 22 14
884 572 13 13
826 830 10 18
886 630 15 18
173 208 17 14
807 267 17 29
748 691 20 27
387 26 27 12
480 169 22 21
112 806 18 10
495 735 12 28
296 536 20 13
940 188 23 21
193 439 20 23
25 269 20 12
486 511 21 22
833 645 26 19
70 324 23 10
563 666 12 12
954 790 25 10
92 241 10 25
859 850 13 11
252 325 15 17
684 833 21 25
859 858 26 10
935 696 15 25
876 966 16 27
586 350 26 13
470 53 17 26
292 563 26 22
944 134 19 22
171 589 10 26
573 900 27 22
330 630 11 13
734 973 27 19
133 365 13 26
976 982 20 14
976 307 11 12
677 261 24 11
44 483 27 13
777 516 14 5
149 51 26 25
970 825 16 12
815 825 12 16
580 500 19 16
46 321 20 26
824 501 26 13
854 399 14 28
57 78 25 26
207 79 19 10
908 189 13 13
629 823 13 12
243 237 27 14
124 643 21 13
650 787 27 20
947 107 26 28
877 152 14 27
148 933 16 22
485 49 21 24
849 663 10 28
70 317 21 18
250 356 20 28
636 944 25 18
13 504 21 24
612 223 16 14
546 98 5 5
618 275 19 28
447 498 10 21
228 260 15 13
9 244 12 10
759 260 11 10
150 373 10 10
461 640 27 14
751 421 17 21
260 202 24 20
39 100 10 11
827 639 19 27
443 435 12 23
95 824 18 25
225 799 10 27
693 381 15 12
660 709 28 22
534 160 15 22
119 61 12 22
48 169 25 19
906 784 15 23
925 679 20 18
291 832 16 25
491 109 27 24
969 942 23 21
798 406 29 17
907 423 23 13
20 342 15 25
97 248 27 15
142 349 25 14
11 233 19 22
966 232 22 12
826 70 22 25
563 296 24 25
177 770 26 26
677 358 19 26
816 16 18 23
450 557 29 22
262 28 11 29
824 23 26 20
755 745 10 19
